2600
1 13 1 0 0 0 0 0 0.9 18.3 38.3999 0 0 0 180 0 0 0 0 0 90 90 0 0 0 0 0 0 0 0 0 0 0 0 0 0 90 0 0 90 0 0 0 90 0 90 90 0 0 90 0 0 0 0 0 0 0 0 0 0 90 180 74 -44.7999 11.6 -1.63913e-08 44.8999 3.14998 -1.63913e-08 90 0 0 -26 0 180 0 0 0 0 0 0 0 -3 0 0 0 -8 0 90 0 0 90 0 -10 0 0 30 0 0 30 -90 0 -90 0 -90 0 0 -90 0 0 0 0 0 0 0 0 0 0 0 0 0 0 0 0 0 0 0 -102 0 
80 13 1 0 0 2 0 0 0.9 18.3 38.3999 0 0 0 180 0 0 0 0 0 90 90 0 0 0 0 0 0 0 0 0 0 0 0 0 0 90 0 0 90 0 0 0 90 0 90 90 0 0 90 0 0 0 0 0 0 0 0 0 0 90 180 74 -32.9001 11.6 -1.63913e-08 29.9001 3.14998 -1.63913e-08 90 0 0 -26 0 180 0 0 0 0 0 0 0 -3 0 0 0 -8 0 90 0 0 90 0 -10 0 0 30 0 0 30 -90 0 -90 0 -90 0 0 -90 0 0 0 0 0 0 0 0 0 0 0 0 0 0 0 0 0 0 0 -102 0 
240 13 0 0 0 4 0 0 0.9 18.3 38.3999 90 0 0 0 0 90 90 90 90 0 0 0 0 0 0 0 0 0 0 0 0 109 0 0 109 0 0 0 0 0 0 0 0 0 0 0 0 0 0 0 0 1 1 0 0 0 0 0 0 0 96 -2 -15.3 11.6 -1.63913e-08 22.1 13.95 -1.63913e-08 0 0 0 0 0 0 0 0 0 0 0 0 0 0 0 0 0 0 0 0 0 0 0 0 0 0 0 0 0 0 0 0 0 0 0 0 0 0 0 0 0 0 0 0 0 0 0 0 0 0 0 0 0 0 0 0 0 0 -102 0 
360 13 0 0 0 29 0 0 0.9 24.8001 21.8 90 0 0 0 0 90 90 90 90 0 0 0 0 0 0 0 0 0 0 0 0 109 0 0 109 0 0 0 0 0 0 0 0 0 0 0 0 0 0 0 0 1 1 0 0 0 0 0 0 0 96 -2 -5.79999 11.6 -1.63913e-08 8.7 13.95 -1.63913e-08 0 0 0 0 0 0 0 0 0 0 0 0 0 0 0 0 0 0 0 0 0 0 0 0 0 0 0 0 0 0 0 0 0 0 0 0 0 0 0 0 0 0 0 0 0 0 0 0 0 0 0 0 0 0 0 0 0 0 -102 0 
440 13 0 0 0 31 0 0 0.9 24.8001 21.8 90 0 0 0 0 90 90 90 90 0 0 0 0 0 0 0 0 0 0 0 0 109 0 0 109 0 0 0 0 0 0 0 0 0 53 0 0 0 -53 0 0 1 1 0 0 0 0 0 0 0 96 -2 -5.79999 11.6 -1.63913e-08 8.7 13.95 -1.63913e-08 0 0 0 0 0 0 0 0 0 0 0 0 0 0 0 0 0 0 0 0 0 0 0 0 0 0 0 0 0 0 0 0 0 0 0 0 0 0 0 0 0 0 0 0 0 0 0 0 -41 0 0 0 0 0 0 0 0 6 -96 6 
520 13 0 0 0 33 0 0 0.9 24.8001 21.8 90 0 0 0 0 90 90 90 90 0 0 0 0 0 0 0 0 0 0 0 0 109 0 0 109 0 0 0 0 0 0 0 0 0 0 0 0 0 -90 0 0 1 1 0 0 0 0 0 0 0 96 -2 -5.79999 11.6 -1.63913e-08 8.7 13.95 -1.63913e-08 0 0 0 0 0 0 0 0 0 0 0 0 0 0 0 0 0 0 0 0 0 0 0 0 0 0 0 0 0 0 0 0 0 0 0 0 0 0 0 0 0 0 0 0 0 0 0 0 -90 0 0 0 0 0 0 0 0 6 -96 6 
680 13 0 0 0 35 0 0 0.9 24.8001 21.8 90 0 0 0 0 90 90 90 90 0 0 0 0 0 0 0 0 0 0 0 0 109 0 0 109 0 0 0 0 0 0 0 0 0 0 0 0 0 3 0 0 1 1 0 0 0 0 0 0 0 96 -2 -5.79999 11.6 -1.63913e-08 21.3 2.94998 3.6 0 0 0 0 0 0 0 0 0 0 0 0 0 0 0 0 0 0 0 0 0 0 0 0 0 0 0 0 0 0 0 0 0 0 0 0 0 0 0 0 0 0 0 0 0 0 0 0 1 0 0 0 0 0 0 0 0 79 -171 79 
720 13 0 0 0 35 0 0 0.9 24.8001 21.8 90 0 0 0 0 90 90 90 90 0 0 0 0 0 0 0 0 0 0 0 0 109 0 0 109 0 0 0 0 0 0 0 0 0 0 0 0 0 3 0 0 1 1 0 0 0 0 0 0 0 96 -2 -5.79999 11.6 -1.63913e-08 19.5 8.64998 3.6 0 0 0 0 0 0 0 0 0 0 0 0 0 0 0 0 0 0 0 0 0 0 0 0 0 0 0 0 0 0 0 0 0 0 0 0 0 0 0 0 0 0 0 0 0 0 0 0 1 0 0 0 0 0 0 0 0 79 -142 79 
800 13 0 0 0 37 0 0 0.9 24.8001 21.8 90 0 0 0 0 90 90 90 90 0 0 0 0 0 0 0 0 0 0 0 0 109 0 0 109 0 0 0 0 0 0 0 0 0 0 0 0 0 3 0 0 1 1 0 0 0 0 0 0 0 96 -2 -5.79999 11.6 -1.63913e-08 8.09995 15.15 1.2 0 0 0 0 0 0 0 0 0 0 0 0 0 0 0 0 0 0 0 0 0 0 0 0 0 0 0 0 0 0 0 0 0 0 0 0 0 0 0 0 0 0 0 0 0 0 0 0 1 0 0 0 0 0 0 0 0 85 -76 79 
840 13 0 0 0 37 0 0 0.9 24.8001 21.8 90 0 0 0 0 90 90 90 90 0 0 0 0 0 0 0 3 0 0 0 0 109 0 0 109 0 0 0 0 0 0 0 0 0 0 0 0 0 3 0 0 1 1 0 0 0 0 0 0 0 96 -2 -5.79999 11.6 -1.63913e-08 8.09995 15.15 1.2 0 0 0 0 0 0 0 0 0 0 0 0 0 0 0 0 0 0 42 0 0 0 0 0 0 0 0 10 0 0 0 3 -35 0 0 0 0 0 0 0 0 0 0 0 0 0 0 0 1 0 0 3 0 0 0 0 0 85 -76 79 
920 13 0 0 0 39 0 0 0.9 24.8001 21.8 90 0 0 0 0 90 90 90 90 0 0 0 0 0 0 0 3 0 0 0 0 109 0 0 109 0 0 0 0 0 0 0 0 0 0 0 0 0 3 0 0 1 1 0 0 0 0 0 0 0 96 -2 -5.79999 11.6 -1.63913e-08 2.99995 15.15 1.2 0 0 0 0 0 0 0 0 0 0 0 0 0 0 0 0 0 0 -72 0 0 0 0 0 0 0 0 -10 0 0 0 3 -35 0 0 0 0 0 0 0 0 0 0 0 0 0 0 0 1 0 0 3 0 0 0 0 0 88 -79 79 
1000 13 0 0 0 41 0 0 -1.6 24.8001 15.8 90 0 0 0 0 90 90 90 90 0 0 0 0 0 0 0 44 0 0 0 0 109 0 81 109 0 0 0 0 0 0 0 0 0 0 0 0 0 3 0 0 1 1 0 0 0 0 0 0 0 87 -2 -5.79999 11.6 -1.63913e-08 2.99995 15.15 1.2 0 0 0 0 0 0 0 0 0 0 0 0 0 0 0 0 0 0 -72 0 0 0 0 0 0 0 0 -10 0 0 0 3 -35 0 0 0 0 0 0 0 0 0 0 0 0 0 0 0 1 0 0 3 0 0 0 0 0 88 -79 79 
1080 13 0 0 0 31 30 0 -8.6 21.5001 13.4 90 0 0 0 0 90 90 90 90 0 0 0 0 0 0 0 -31 0 0 0 0 109 0 68 109 0 0 0 0 0 0 0 0 0 0 0 0 0 3 0 0 1 1 0 0 0 0 0 0 0 87 -2 -5.79999 11.6 -1.63913e-08 2.99995 15.15 1.2 0 0 0 0 0 0 0 0 0 0 0 0 0 0 0 0 0 0 1 0 0 0 0 0 0 0 0 -10 0 0 0 3 -35 0 0 0 0 0 0 0 0 0 0 0 0 0 0 0 1 0 0 3 0 0 0 0 0 88 -79 79 
1120 13 0 0 0 33 18 0 -6.2 22.4001 12.2 90 0 0 0 0 90 90 90 90 0 0 0 0 0 0 0 -80 0 0 0 0 109 0 17 109 0 0 0 0 0 0 0 0 0 0 0 0 0 3 0 0 1 1 0 0 0 0 0 0 0 87 -2 -5.79999 11.6 -1.63913e-08 5.99995 15.15 1.2 0 0 0 0 0 0 0 0 0 0 0 0 0 0 0 0 0 0 1 0 0 0 0 0 0 0 0 -10 0 0 0 3 -35 0 0 0 0 0 0 0 0 0 0 0 0 0 0 0 1 0 0 3 0 0 0 0 0 88 -79 88 
1160 13 0 0 0 30 3 0 -1.4 23.6001 13.1 90 0 0 0 0 90 90 90 90 0 0 0 0 0 0 0 -62 0 0 0 0 109 0 35 109 0 0 0 0 0 0 0 0 0 0 0 0 0 3 0 0 1 1 0 0 0 0 0 0 3 87 -2 -5.79999 11.6 -1.63913e-08 6.29995 15.15 1.2 0 0 0 0 0 0 0 0 0 0 0 0 0 0 0 0 0 0 1 0 0 0 0 0 0 0 0 -10 0 0 0 3 -35 0 0 0 0 0 0 0 0 0 0 0 0 0 0 0 1 0 0 3 0 0 0 0 0 88 -79 88 
1240 13 0 0 0 32 3 0 -1.4 23.6001 13.1 90 0 0 0 0 90 90 90 90 0 0 0 0 0 0 0 -2 0 0 0 0 109 0 -4 109 0 0 0 0 0 0 0 0 0 0 0 0 0 3 0 0 1 1 0 0 0 0 -3 0 3 87 -2 -5.79999 11.6 -1.63913e-08 6.29995 15.15 1.2 0 0 0 0 0 0 0 0 0 0 0 0 0 0 0 0 0 0 1 0 0 0 0 0 0 0 0 -10 0 0 0 3 -35 0 0 0 0 0 0 0 0 0 0 0 0 0 0 0 1 0 0 3 0 0 0 0 0 88 -79 88 
1320 9 0 0 0 16 3 0 -4.4 22.9001 35.7 90 0 0 0 0 90 90 90 90 0 0 0 0 0 0 0 -2 0 0 0 0 109 0 -4 109 0 0 0 0 0 0 0 0 0 0 0 0 0 3 0 0 1 1 0 0 0 0 -3 0 3 87 -2 -5.79999 11.6 -1.63913e-08 6.29995 15.15 1.2 0 0 0 0 0 0 0 0 0 0 0 0 0 0 0 0 0 0 1 0 0 0 0 0 0 0 0 -10 0 0 0 3 -35 0 0 0 0 0 0 0 0 0 0 0 0 0 0 0 1 0 0 3 0 0 0 0 0 88 -79 88 
1400 5 0 0 0 16 3 0 -4.4 22.9001 35.7 90 0 0 0 0 90 90 90 90 0 0 0 0 0 0 0 -2 0 0 0 0 109 0 -4 109 0 0 0 0 0 0 0 0 0 0 0 0 0 3 0 0 1 1 0 0 0 0 -3 0 3 87 -2 -6.99999 11.6 -1.63913e-08 7.49995 15.15 1.2 0 0 0 0 0 0 0 0 0 0 0 0 0 0 0 0 0 0 1 0 0 0 0 0 0 0 0 -10 0 0 0 3 -35 0 0 0 0 0 0 0 0 0 0 0 0 0 0 0 1 0 0 3 0 0 0 0 0 88 -79 88 
1480 65 0 0 0 15 3 0 -4.4 22.9001 35.7 90 0 0 0 0 90 90 90 90 0 0 0 0 0 0 0 -2 0 0 0 0 109 0 -4 109 0 0 0 0 0 0 0 0 0 0 0 0 0 3 0 0 1 1 0 0 0 0 -3 0 3 87 -2 -8.19999 11.6 -1.63913e-08 8.69995 15.15 1.2 0 0 0 0 0 0 0 0 0 0 0 0 0 0 0 0 0 0 1 0 0 0 0 0 0 0 0 -10 0 0 0 3 -35 0 0 0 0 0 0 0 0 0 0 0 0 0 0 0 1 0 0 3 0 0 0 0 0 88 -79 88 
1560 129 0 0 0 14 3 0 -4.4 22.9001 35.7 90 0 0 0 0 90 90 90 90 0 0 0 0 0 0 0 -2 0 0 0 0 109 0 -4 109 0 0 0 0 0 0 0 0 0 0 0 0 0 3 0 0 1 1 0 0 0 0 -3 0 3 87 -2 -9.39999 11.6 -1.63913e-08 9.89996 15.15 1.2 0 0 0 0 0 0 0 0 0 0 0 0 0 0 0 0 0 0 1 0 0 0 0 0 0 0 0 -10 0 0 0 3 -35 0 0 0 0 0 0 0 0 0 0 0 0 0 0 0 1 0 0 3 0 0 0 0 0 88 -79 88 
1640 1 0 0 0 14 3 0 -4.4 22.9001 35.7 90 0 0 0 0 90 90 90 90 0 0 0 0 0 0 0 -2 0 0 0 0 109 0 -4 109 0 0 0 0 0 0 0 0 0 0 0 0 0 3 0 0 1 1 0 0 0 0 -3 0 3 87 -2 -11.2 11.6 -1.63913e-08 11.7 15.15 1.2 0 0 0 0 0 0 0 0 0 0 0 0 0 0 0 0 0 0 1 0 0 0 0 0 0 0 0 -10 0 0 0 3 -35 0 0 0 0 0 0 0 0 0 0 0 0 0 0 0 1 0 0 3 0 0 0 0 0 88 -79 88 
1720 17 0 0 0 16 3 0 -4.4 22.9001 35.7 90 0 0 0 0 90 90 90 90 0 0 0 0 0 0 0 -2 0 0 0 0 109 0 -4 109 0 0 0 0 0 0 0 0 0 0 0 0 0 3 0 0 1 1 0 0 0 0 -3 0 3 87 -2 -13.6 11.6 -1.63913e-08 14.1 15.15 1.2 0 0 0 0 0 0 0 0 0 0 0 0 0 0 0 0 0 0 1 0 0 0 0 0 0 0 0 -10 0 0 0 3 -35 0 0 0 0 0 0 0 0 0 0 0 0 0 0 0 1 0 0 3 0 0 0 0 0 88 -79 88 
1800 18 0 0 0 16 3 0 -4.4 22.9001 35.7 90 0 0 0 0 90 90 90 90 0 0 0 0 0 0 0 -2 0 0 0 0 109 0 -4 109 0 0 0 0 0 0 0 0 0 0 0 0 0 3 0 0 1 1 0 0 0 0 -3 0 3 87 -2 -15.4 11.6 -1.63913e-08 15.9 15.15 1.2 0 0 0 0 0 0 0 0 0 0 0 0 0 0 0 0 0 0 1 0 0 0 0 0 0 0 0 -10 0 0 0 3 -35 0 0 0 0 0 0 0 0 0 0 0 0 0 0 0 1 0 0 3 0 0 0 0 0 88 -79 88 
1880 50 0 0 0 18 3 0 -4.4 22.9001 35.7 90 0 0 0 0 90 90 90 90 0 0 0 0 0 0 0 -2 0 0 0 0 109 0 -4 109 0 0 0 0 0 0 0 0 0 0 0 0 0 3 0 0 1 1 0 0 0 0 -3 0 3 87 -2 -17.2 11.6 -1.63913e-08 17.7 15.15 1.2 0 0 0 0 0 0 0 0 0 0 0 0 0 0 0 0 0 0 1 0 0 0 0 0 0 0 0 -10 0 0 0 3 -35 0 0 0 0 0 0 0 0 0 0 0 0 0 0 0 1 0 0 3 0 0 0 0 0 88 -79 88 
1960 48 0 0 0 17 3 0 -4.7 22.9001 35.7 90 0 0 0 0 90 90 90 90 0 0 0 0 0 0 0 -2 0 0 0 0 109 0 -4 109 0 0 0 0 0 0 0 0 0 0 0 0 0 3 0 0 1 1 0 0 0 0 -3 0 3 87 -2 -18.4 11.6 -1.63913e-08 18.9 15.15 1.2 0 0 0 0 0 0 0 0 0 0 0 0 0 0 0 0 0 0 1 0 0 0 0 0 0 0 0 -10 0 0 0 3 -35 0 0 0 0 0 0 0 0 0 0 0 0 0 0 0 1 0 0 3 0 0 0 0 0 88 -79 88 
2040 48 0 0 0 19 3 0 -5 22.9001 35.7 90 0 0 0 0 90 90 90 90 0 0 0 0 0 0 0 -2 0 0 0 0 109 0 -4 109 0 0 0 0 0 0 0 0 0 0 0 0 0 3 0 0 1 1 0 0 0 0 -3 0 3 87 -2 -19.6 11.6 -1.63913e-08 20.1 15.15 1.2 0 0 0 0 0 0 0 0 0 0 0 0 0 0 0 0 0 0 1 0 0 0 0 0 0 0 0 -10 0 0 0 3 -35 0 0 0 0 0 0 0 0 0 0 0 0 0 0 0 1 0 0 3 0 0 0 0 0 88 -79 88 
2160 48 0 0 0 21 3 0 -5 22.9001 35.7 90 0 0 0 0 90 90 90 90 0 0 0 0 0 0 0 -2 0 0 0 0 109 0 -4 109 0 0 0 0 0 0 0 0 0 0 0 0 0 3 0 0 1 1 0 0 0 0 -3 0 3 87 -2 -19.9 11.3 -1.63913e-08 6.59998 14.55 3.3 0 0 0 0 0 0 0 0 0 0 0 0 0 0 0 0 0 0 1 0 0 44 0 0 0 0 0 -10 0 0 10 3 -35 0 0 0 0 0 0 0 0 0 0 0 0 0 0 0 1 0 0 3 0 0 0 0 0 88 -79 88 
2280 48 0 0 0 23 3 0 -5 22.9001 35.7 90 0 0 0 0 90 90 90 90 0 0 0 0 0 0 0 -2 0 0 0 0 109 0 -4 109 0 0 0 0 0 0 0 0 0 0 0 0 0 3 0 0 1 1 0 0 0 0 -3 0 3 87 -2 -19.9 11.3 -1.63913e-08 -6.10001 14.25 4.5 0 0 0 0 0 0 0 0 0 0 0 0 0 0 0 0 0 0 1 0 0 44 0 0 0 0 0 -10 0 0 10 3 -35 0 0 0 0 0 0 0 0 0 0 0 0 0 0 0 1 0 0 3 0 0 0 0 0 88 -79 88 
2320 48 0 0 0 33 -17 0 -16.6 23.2001 10.5 90 0 0 0 0 90 90 90 90 0 0 0 0 0 0 0 -2 0 0 0 0 109 0 -4 109 0 0 0 0 0 0 0 0 0 0 0 0 0 3 0 0 1 1 0 0 0 0 -3 0 3 87 -2 -19.9 11.3 -1.63913e-08 -11.1 14.25 3.9 0 0 0 0 0 0 0 0 0 0 0 0 0 0 0 0 0 0 1 0 0 -55 0 0 0 0 0 -10 0 0 -10 3 -35 0 0 0 0 0 0 0 0 0 0 0 0 0 0 0 1 0 0 3 0 0 0 -3 0 88 -79 88 
2400 32 1 0 0 33 -17 0 -16.6 23.2001 10.5 0 0 0 180 0 0 0 0 0 90 90 0 0 0 0 0 0 0 0 0 0 0 0 0 0 90 0 0 90 0 0 0 90 0 90 90 0 0 90 0 0 0 0 0 0 0 0 0 0 90 180 -93 -39.2999 21 0.6 -14.1 14.25 3.9 0 0 0 0 0 0 0 0 0 0 0 0 0 0 0 0 0 0 1 0 0 -55 0 0 0 0 0 -10 0 0 -10 3 -35 0 0 0 0 0 0 0 0 0 0 0 0 0 0 0 1 0 0 3 0 0 0 -3 0 88 -79 88 
2480 32 1 0 0 35 -24 0 -16.6 23.2001 10.5 0 0 0 180 0 0 0 0 0 90 90 0 0 0 0 0 0 0 0 0 0 0 0 0 0 90 0 0 90 0 0 0 90 0 90 90 0 0 90 0 0 0 0 0 0 0 0 0 0 90 180 -93 -69.3995 31.1001 0.6 -27.7001 14.25 3.9 90 0 0 -26 0 180 0 0 0 0 0 0 0 -3 0 0 0 -8 0 90 0 0 90 0 -10 0 0 30 0 0 30 -90 0 -90 0 -90 0 0 -90 0 0 0 90 0 0 0 0 0 0 0 0 0 0 0 0 0 0 0 -93 1 
2600 32 1 0 0 35 -24 0 -16.6 23.2001 10.5 0 0 0 180 0 0 0 0 0 90 90 0 0 0 0 0 0 0 0 0 0 0 0 0 0 90 0 0 90 0 0 0 90 0 90 90 0 0 90 0 0 0 0 0 0 0 0 0 0 90 180 -93 -156.8 47.6999 0.6 -75.8994 14.25 3.9 90 0 0 -26 0 180 0 0 0 0 0 0 0 -3 0 0 0 -8 0 90 0 0 90 0 -10 0 0 30 0 0 30 -90 0 -90 0 -90 0 0 -90 0 0 0 90 0 0 0 0 0 0 0 0 0 0 0 0 0 0 0 -93 1 
